
[Minimum Norm Solution Obtained solution]
  -0.3958892  -0.5307663
   0.5015929   0.4693475
  -0.0065325  -0.0240210
  -0.0234416   0.0143481
  -0.1157307  -0.0981508
   0.1238647   0.1209892
  -0.2252779  -0.2103484
   0.4558603   0.4581050
   0.2989015   0.3502994
   0.0589510   0.0631499
  -0.1700524  -0.1038008
  -0.2759494  -0.2563237
  -0.0598483  -0.0326298
  -0.0017714  -0.0108546
   0.2816804   0.3223891
   0.1091718   0.1683834
   0.2902067   0.2147638
   0.1824914   0.1693555
   0.0824088   0.1250142
   0.3175295   0.2350600
ans =

   1.00000   1.00000   1.00000
  -1.00000  -1.00000  -1.00000
  -1.00000  -1.00000  -1.00000
  -1.00000  -1.00000  -1.00000
   1.00000   1.00000   1.00000
  -1.00000  -1.00000  -1.00000
   1.00000   1.00000   1.00000
  -1.00000  -1.00000  -1.00000
   1.00000   1.00000   1.00000
  -1.00000  -1.00000  -1.00000
