
[Minimum Norm Solution Obtained solution]
  -0.39588916  -0.34343543
   0.50159289   0.29402451
  -0.00653251   0.09608589
  -0.02344158   0.00058302
  -0.11573065  -0.17643102
   0.12386470   0.22186841
  -0.22527793  -0.10358855
   0.45586029   0.34084041
   0.29890151   0.23556740
   0.05895100   0.10717076
  -0.17005240  -0.11939514
  -0.27594939  -0.23483345
  -0.05984835  -0.05878075
  -0.00177138   0.05688641
   0.28168041   0.26582586
   0.10917178   0.13388385
   0.29020667   0.24370885
   0.18249142   0.20056877
   0.08240880   0.11050748
   0.31752947   0.24044646
ans =

   1.00000   1.00000   0.90058
  -1.00000  -1.00000  -0.83149
  -1.00000  -1.00000  -0.88410
  -1.00000  -1.00000  -0.87820
   1.00000   1.00000   0.80116
  -1.00000  -1.00000  -0.77663
   1.00000   1.00000   0.72932
  -1.00000  -1.00000  -1.12947
   1.00000   1.00000   0.95180
  -1.00000  -1.00000  -1.05133
