
[Minimum Norm Solution Obtained solution]
  -0.3958892  -0.3958937
   0.5015929   0.5015467
  -0.0065325  -0.0065246
  -0.0234416  -0.0234333
  -0.1157307  -0.1157418
   0.1238647   0.1238728
  -0.2252779  -0.2252598
   0.4558603   0.4558536
   0.2989015   0.2988746
   0.0589510   0.0589499
  -0.1700524  -0.1700562
  -0.2759494  -0.2759542
  -0.0598483  -0.0598346
  -0.0017714  -0.0017860
   0.2816804   0.2816718
   0.1091718   0.1091732
   0.2902067   0.2902114
   0.1824914   0.1824785
   0.0824088   0.0824115
   0.3175295   0.3175385
ans =

   1.00000   1.00000   1.00004
  -1.00000  -1.00000  -0.99996
  -1.00000  -1.00000  -0.99998
  -1.00000  -1.00000  -1.00001
   1.00000   1.00000   0.99998
  -1.00000  -1.00000  -0.99995
   1.00000   1.00000   0.99997
  -1.00000  -1.00000  -1.00004
   1.00000   1.00000   0.99999
  -1.00000  -1.00000  -0.99999
