
[Minimum Norm Solution Obtained solution]
  -0.3958892  -0.0856311
   0.5015929   0.0961016
  -0.0065325   0.0807736
  -0.0234416   0.0188083
  -0.1157307  -0.1134943
   0.1238647   0.0069536
  -0.2252779   0.0286732
   0.4558603   0.1095038
   0.2989015   0.0753325
   0.0589510  -0.0157844
  -0.1700524   0.0200282
  -0.2759494  -0.1175161
  -0.0598483   0.0284421
  -0.0017714   0.0043042
   0.2816804   0.0848794
   0.1091718   0.0899521
   0.2902067   0.0914230
   0.1824914   0.0614336
   0.0824088   0.0334405
   0.3175295   0.1512197
ans =

   1.000000   1.000000   0.359702
  -1.000000  -1.000000  -0.244058
  -1.000000  -1.000000  -0.481921
  -1.000000  -1.000000  -0.408906
   1.000000   1.000000   0.091656
  -1.000000  -1.000000  -0.291601
   1.000000   1.000000   0.242970
  -1.000000  -1.000000  -0.696249
   1.000000   1.000000   0.973172
  -1.000000  -1.000000  -0.752708
